 Vertices of my letter 
 ( 0 , 1 , 0 , 1 ) 
 ( -1 , 0 , -1 , 1 ) 
 ( -1 , 0 , 1 , 1 ) 
 ( 1 , 0 , 1 , 1 ) 
 ( 1 , 0 , -1 , 1 ) 
 ---------- 
Rotation Matrix
 ( 0.9687693 , 0.1413025 , -0.2037639 , 0 ) 
 ( -0.2037639 , 0.9219232 , -0.329451 , 0 ) 
 ( 0.1413025 , 0.3606818 , 0.9219232 , 0 ) 
 ( 0 , 0 , 0 , 1 ) 
  ---------  
 Verts after Rotation 
 ( 0.1413025 , 0.9219232 , 0.3606818 , 1 ) 
 ( -0.7650053 , 0.533215 , -1.063226 , 1 ) 
 ( -1.172533 , -0.1256871 , 0.7806207 , 1 ) 
 ( 0.7650053 , -0.533215 , 1.063226 , 1 ) 
 ( 1.172533 , 0.1256871 , -0.7806207 , 1 ) 
 -----------------
 Scale Matrix 
 ( 2 , 0 , 0 , 0 ) 
 ( 0 , 2 , 0 , 0 ) 
 ( 0 , 0 , 1 , 0 ) 
 ( 0 , 0 , 0 , 1 ) 
 ----------------  
 After Scale (and Rotation)
 ( 0.2826049 , 1.843846 , 0.3606818 , 1 ) 
 ( -1.530011 , 1.06643 , -1.063226 , 1 ) 
 ( -2.345066 , -0.2513742 , 0.7806207 , 1 ) 
 ( 1.530011 , -1.06643 , 1.063226 , 1 ) 
 ( 2.345066 , 0.2513742 , -0.7806207 , 1 ) 
 ---------------
